
8  1  0.000017 
16  1  0.000055 
32  1  0.000360 
64  1  0.002827 
128  1  0.022271 
256  1  0.269571 
512  1  3.780592 
1024  1  30.453950 
8  2  0.000127 
16  2  0.000239 
32  2  0.000502 
64  2  0.002158 
128  2  0.014140 
256  2  0.136555 
512  2  1.722172 
1024  2  14.995240 
8  3  0.000626 
16  3  0.000363 
32  3  0.000396 
64  3  0.001543 
128  3  0.011856 
256  3  0.097558 
512  3  1.164703 
1024  3  11.140084 
8  4  0.000224 
16  4  0.000260 
32  4  0.018802 
64  4  0.001113 
128  4  0.009809 
256  4  0.074840 
512  4  0.854753 
1024  4  9.154221 
