
1	8	0.000017 ms
1	16	0.000048 ms
1	32	0.000290 ms
1	64	0.001691 ms
1	128	0.013093 ms
1	256	0.159327 ms
1	512	1.313742 ms
1	1024	14.001492 ms
2	8	0.011332 ms
2	16	0.011278 ms
2	32	0.011640 ms
2	64	0.013543 ms
2	128	0.021662 ms
2	256	0.102043 ms
2	512	0.720870 ms
2	1024	7.380178 ms
3	8	0.011353 ms
3	16	0.022309 ms
3	32	0.023228 ms
3	64	0.024607 ms
3	128	0.032297 ms
3	256	0.093747 ms
3	512	0.530474 ms
3	1024	5.495974 ms
4	8	0.024799 ms
4	16	0.023866 ms
4	32	0.024514 ms
4	64	0.025621 ms
4	128	0.035949 ms
4	256	0.089063 ms
4	512	0.445432 ms
4	1024	4.252950 ms
