 --- HD blur processing --- 
3	1	308.55 ms

4	1	485.264 ms

5	1	709.685 ms

6	1	993.36 ms

7	1	1302.74 ms

8	1	1677.08 ms

9	1	2101.47 ms

10	1	2580.61 ms

11	1	3088.92 ms

12	1	3659.07 ms

13	1	4275.59 ms

14	1	4951.68 ms

15	1	5651.77 ms

3	2	160.751 ms

4	2	258.085 ms

5	2	365.297 ms

6	2	507.964 ms

7	2	676.632 ms

8	2	858.987 ms

9	2	1077.26 ms

10	2	1314.22 ms

11	2	1580.5 ms

12	2	1868.04 ms

13	2	2180.84 ms

14	2	2524.28 ms

15	2	2880.11 ms

3	4	95.6542 ms

4	4	137.107 ms

5	4	209.227 ms

6	4	276.306 ms

7	4	366.223 ms

8	4	440.255 ms

9	4	550.86 ms

10	4	709.839 ms

11	4	810.984 ms

12	4	961.259 ms

13	4	1106.12 ms

14	4	1272.78 ms

15	4	1463.92 ms

3	8	52.2446 ms

4	8	79.4603 ms

5	8	109.922 ms

6	8	151.907 ms

7	8	198.764 ms

8	8	249.048 ms

9	8	311.493 ms

10	8	401.814 ms

11	8	453.733 ms

12	8	532.025 ms

13	8	659.352 ms

14	8	717.681 ms

15	8	820.453 ms

3	16	95.9525 ms

4	16	154.461 ms

5	16	227.074 ms

6	16	296.541 ms

7	16	384.925 ms

8	16	453.376 ms

9	16	549.514 ms

10	16	636.437 ms

11	16	771.122 ms

12	16	850.985 ms

13	16	979.289 ms

14	16	1115.18 ms

15	16	1215.12 ms


 --- FHD blur processing --- 
3	1	796.146 ms

4	1	1256.75 ms

5	1	1868.73 ms

6	1	2581.99 ms

7	1	3425.57 ms

8	1	4390.84 ms

9	1	5498.05 ms

10	1	6760.7 ms

11	1	8128.67 ms

12	1	9641.53 ms

13	1	11204.6 ms

14	1	12961 ms

3	2	418.024 ms

4	2	652.89 ms

5	2	953.515 ms

6	2	1318.09 ms

7	2	1754.97 ms

8	2	2251.12 ms

9	2	2825.76 ms

10	2	3459.97 ms

11	2	4153.67 ms

12	2	4920.54 ms

13	2	5732.02 ms

14	2	6641.27 ms

3	4	218.443 ms

4	4	355.888 ms

5	4	515.88 ms

6	4	718.711 ms

7	4	926.499 ms

8	4	1193.1 ms

9	4	1437.05 ms

10	4	1747.68 ms

11	4	2142.9 ms

12	4	2491.57 ms

13	4	2930.16 ms

14	4	3350.95 ms

3	8	279.111 ms

4	8	258.465 ms

5	8	284.304 ms

6	8	383.656 ms

7	8	504.681 ms

8	8	641.368 ms

9	8	809.624 ms

10	8	986.774 ms

11	8	1184.51 ms

12	8	1404.43 ms

13	8	1633.85 ms

14	8	1892.13 ms

3	16	252.484 ms

4	16	386.542 ms

5	16	609.328 ms

6	16	814.993 ms

7	16	1023.39 ms

8	16	1239.07 ms

9	16	1454.22 ms

10	16	1715.75 ms

11	16	2092.45 ms

12	16	2314.32 ms

13	16	2639.99 ms

14	16	2988.22 ms


 --- 4K blur processing --- 
3	1	3156 ms

4	1	5017.97 ms

5	1	7333.74 ms

6	1	10210 ms

7	1	13572.9 ms

8	1	17425.2 ms

3	2	1625.17 ms

4	2	2591.63 ms

5	2	3769.68 ms

6	2	5193.28 ms

7	2	6898.32 ms

8	2	8883.34 ms

3	4	844.76 ms

4	4	1322.52 ms

5	4	1973.45 ms

6	4	2682.73 ms

7	4	3514.3 ms

8	4	4497.86 ms

3	8	518.934 ms

4	8	743.655 ms

5	8	1081.67 ms

6	8	1489.59 ms

7	8	1972.88 ms

8	8	2529.94 ms

3	16	989.728 ms

4	16	1546.72 ms

5	16	2422.68 ms

6	16	3255.77 ms

7	16	4150.37 ms

8	16	5002.02 ms

pcubuntu@pcubuntu-GA-970A-UD3:~/Documents/practica1/parallel/practica1$ 

