3	1	796.146 ms

4	1	1256.75 ms

5	1	1868.73 ms

6	1	2581.99 ms

7	1	3425.57 ms

8	1	4390.84 ms

9	1	5498.05 ms

10	1	6760.7 ms

11	1	8128.67 ms

12	1	9641.53 ms

13	1	11204.6 ms

14	1	12961 ms

3	2	418.024 ms

4	2	652.89 ms

5	2	953.515 ms

6	2	1318.09 ms

7	2	1754.97 ms

8	2	2251.12 ms

9	2	2825.76 ms

10	2	3459.97 ms

11	2	4153.67 ms

12	2	4920.54 ms

13	2	5732.02 ms

14	2	6641.27 ms

3	4	218.443 ms

4	4	355.888 ms

5	4	515.88 ms

6	4	718.711 ms

7	4	926.499 ms

8	4	1193.1 ms

9	4	1437.05 ms

10	4	1747.68 ms

11	4	2142.9 ms

12	4	2491.57 ms

13	4	2930.16 ms

14	4	3350.95 ms

3	8	279.111 ms

4	8	258.465 ms

5	8	284.304 ms

6	8	383.656 ms

7	8	504.681 ms

8	8	641.368 ms

9	8	809.624 ms

10	8	986.774 ms

11	8	1184.51 ms

12	8	1404.43 ms

13	8	1633.85 ms

14	8	1892.13 ms

3	16	252.484 ms

4	16	386.542 ms

5	16	609.328 ms

6	16	814.993 ms

7	16	1023.39 ms

8	16	1239.07 ms

9	16	1454.22 ms

10	16	1715.75 ms

11	16	2092.45 ms

12	16	2314.32 ms

13	16	2639.99 ms

14	16	2988.22 ms

