3	1	308.55 ms

4	1	485.264 ms

5	1	709.685 ms

6	1	993.36 ms

7	1	1302.74 ms

8	1	1677.08 ms

9	1	2101.47 ms

10	1	2580.61 ms

11	1	3088.92 ms

12	1	3659.07 ms

13	1	4275.59 ms

14	1	4951.68 ms

15	1	5651.77 ms

3	2	160.751 ms

4	2	258.085 ms

5	2	365.297 ms

6	2	507.964 ms

7	2	676.632 ms

8	2	858.987 ms

9	2	1077.26 ms

10	2	1314.22 ms

11	2	1580.5 ms

12	2	1868.04 ms

13	2	2180.84 ms

14	2	2524.28 ms

15	2	2880.11 ms

3	4	95.6542 ms

4	4	137.107 ms

5	4	209.227 ms

6	4	276.306 ms

7	4	366.223 ms

8	4	440.255 ms

9	4	550.86 ms

10	4	709.839 ms

11	4	810.984 ms

12	4	961.259 ms

13	4	1106.12 ms

14	4	1272.78 ms

15	4	1463.92 ms

3	8	52.2446 ms

4	8	79.4603 ms

5	8	109.922 ms

6	8	151.907 ms

7	8	198.764 ms

8	8	249.048 ms

9	8	311.493 ms

10	8	401.814 ms

11	8	453.733 ms

12	8	532.025 ms

13	8	659.352 ms

14	8	717.681 ms

15	8	820.453 ms

3	16	95.9525 ms

4	16	154.461 ms

5	16	227.074 ms

6	16	296.541 ms

7	16	384.925 ms

8	16	453.376 ms

9	16	549.514 ms

10	16	636.437 ms

11	16	771.122 ms

12	16	850.985 ms

13	16	979.289 ms

14	16	1115.18 ms

15	16	1215.12 ms

